% 254 139
0 34
4 50
4 62
5 46
7 38
8 19
8 73
9 13
10 11
10 120
11 12
12 9
12 13
12 115
13 14
13 98
14 15
14 49
15 16
16 17
17 18
18 19
18 28
18 76
19 10
19 86
20 68
21 22
21 97
22 0
22 23
23 24
23 50
24 1
24 25
24 90
25 26
25 54
26 5
26 27
26 109
27 28
28 29
28 68
29 30
29 62
29 76
29 104
30 31
31 21
31 32
32 33
33 20
33 34
33 43
33 99
34 35
35 36
36 37
36 45
36 95
37 6
37 17
37 38
37 109
38 39
38 66
38 100
39 40
40 31
40 40
40 119
42 43
42 106
43 44
44 45
45 15
45 46
46 47
47 48
48 49
48 125
49 50
49 109
50 51
51 52
52 26
52 42
52 81
52 96
53 54
54 55
55 56
55 77
56 18
56 25
56 54
56 57
57 37
57 58
58 4
58 59
59 42
59 55
59 60
59 72
60 6
60 61
60 96
60 111
61 18
61 40
61 62
61 71
62 63
62 87
62 102
63 53
63 64
64 65
65 66
65 98
65 118
66 67
67 43
67 68
68 69
69 11
69 70
69 75
70 8
70 71
70 93
71 72
71 120
72 63
73 88
74 75
74 107
75 26
75 76
75 115
76 77
77 78
78 79
79 4
79 40
79 56
79 80
79 91
80 81
80 105
81 48
81 82
82 83
83 26
83 84
84 63
84 74
85 9
85 86
86 87
87 57
87 88
87 105
88 89
89 11
89 86
89 90
90 31
90 91
90 105
91 22
91 92
91 126
92 93
93 26
93 56
93 94
94 67
94 95
95 45
95 85
95 96
95 117
96 66
96 97
97 98
98 99
98 100
99 100
99 109
100 101
101 102
102 103
103 67
103 104
104 95
105 69
106 20
106 61
106 107
107 108
108 109
109 110
109 111
110 111
111 112
112 113
113 79
113 114
114 115
115 36
115 116
116 59
116 106
117 36
117 118
118 35
118 108
118 119
119 5
119 71
119 120
120 60
120 121
121 11
121 122
122 36
122 123
123 43
123 114
123 124
124 8
124 61
124 125
125 1
125 23
125 35
125 126
126 127
127 101
127 117
128 129
129 130
130 131
131 132
132 133
133 134
134 135
135 136
136 137
137 138
138 128
1
2
3
6
7
8
9
10
11
12
13
14
17
18
19
25
26
27
29
32
37
40
41
44
45
53
55
57
58
61
62
64
65
66
68
69
71
72
74
76
77
78
79
80
81
82
83
84
86
88
89
90
91
92
93
94
95
96
100
103
106
107
111
112
114
116
117
120
122
124
125
126
128
129
130
131
132
133
134
135
136
137
138